5 66.4091 67.4725 68.1765
3 66.7307 67.9052 68.6284
3 66.9 68.1806 69.1628
0 64.9966 64.9931 64.9863
5 66.4091 67.4725 68.1765
3 66.5789 67.6921 68.3977
3 66.7008 67.8946 68.8085
0 64.9966 64.9931 64.9863
5 66.4091 67.4725 68.1765
3 66.4531 67.5131 68.2151
3 66.492 67.5998 68.4997
0 64.9966 64.9931 64.9863
5 66.4091 67.4725 68.1765
3 66.3458 67.3579 68.0622
3 66.3515 67.3939 68.2844
0 64.9966 64.9931 64.9863
5 66.4091 67.4725 68.1765
3 66.606 67.73 68.4629
3 66.6204 67.7758 68.6992
0 65.005 64.9931 64.9863
5 66.4091 67.4725 68.1765
3 66.4648 67.5279 68.25
3 66.4122 67.4741 68.3809
0 64.9966 64.9931 64.9863
5 66.4091 67.4725 68.1765
3 66.3476 67.3572 68.0783
3 66.2306 67.2005 68.1035
0 64.9966 64.9931 64.9863
5 66.4091 67.4725 68.1765
3 66.2474 67.2084 67.9324
3 66.0745 66.9564 67.8566
0 64.9966 64.9931 64.9863
5 66.4091 67.4725 68.1765
3 66.5065 67.5899 68.3371
3 66.4266 67.4936 68.4115
2 66.0641 66.9504 68.0813
5 66.4091 67.4725 68.1765
3 66.3736 67.3957 68.1353
3 66.2404 67.213 68.1227
1 65.0382 64.9931 64.9863
5 66.4091 67.4725 68.1765
3 66.263 67.2311 67.9701
3 66.0771 66.9569 67.8598
0 64.9966 64.9931 64.9863
5 66.4091 67.4725 68.1765
3 66.1682 67.0873 67.8282
3 65.9361 66.7274 67.6174
0 64.9966 64.9931 64.9863
5 66.4091 67.4725 68.1765
3 66.4617 67.5199 68.2627
3 66.314 67.322 68.2329
3 66.2472 67.2295 68.2683
5 66.4091 67.4725 68.1765
3 66.3337 67.3318 68.0692
3 66.1417 67.0563 67.9604
3 66.0833 66.9609 67.9848
5 66.4091 67.4725 68.1765
3 66.2269 67.1719 67.9098
3 65.9585 66.7646 67.6659
1 65.0324 64.9931 64.9863
5 66.4091 67.4725 68.1765
3 66.1354 67.0321 67.772
3 65.8291 66.5472 67.4235
0 64.9966 64.9931 64.9863
5 66.4091 67.4725 68.1765
3 66.5141 67.5635 68.1927
3 66.5052 67.5334 68.2155
0 64.9933 64.9867 64.9735
5 66.4091 67.4725 68.1765
3 66.4143 67.4141 68.0214
3 66.3353 67.2915 67.9749
0 64.9933 64.9867 64.9735
5 66.4091 67.4725 68.1765
3 66.2969 67.2472 67.8631
3 66.1532 67.031 67.7437
0 64.9933 64.9867 64.9735
5 66.4091 67.4725 68.1765
3 66.1967 67.1016 67.7274
3 66.0342 66.8518 67.5724
0 64.9933 64.9867 64.9735
5 66.4091 67.4725 68.1765
3 66.4391 67.4489 68.077
3 66.2637 67.1864 67.8955
0 65.0017 64.9867 64.9735
5 66.4091 67.4725 68.1765
3 66.3076 67.2608 67.8934
3 66.1189 66.9682 67.679
0 64.9933 64.9867 64.9735
5 66.4091 67.4725 68.1765
3 66.1983 67.1011 67.7416
3 65.9598 66.7253 67.4525
0 64.9933 64.9867 64.9735
5 66.4091 67.4725 68.1765
3 66.1048 66.9613 67.6099
3 65.8235 66.5079 67.238
0 64.9933 64.9867 64.9735
5 66.4091 67.4725 68.1765
3 66.3456 67.3175 67.9687
3 66.131 66.985 67.7028
1 65.9104 66.59 67.3593
5 66.4091 67.4725 68.1765
3 66.2219 67.1364 67.7918
3 65.9679 66.7361 67.4682
1 65.0349 64.9867 64.9735
5 66.4091 67.4725 68.1765
3 66.1189 66.9821 67.6435
3 65.8256 66.5087 67.2412
0 64.9933 64.9867 64.9735
5 66.4091 67.4725 68.1765
3 66.0305 66.8469 67.5136
3 65.7031 66.3052 67.0221
0 64.9933 64.9867 64.9735
5 66.4091 67.4725 68.1765
3 66.3049 67.2537 67.9046
3 66.0332 66.8346 67.561
3 65.8523 66.5357 67.2876
5 66.4091 67.4725 68.1765
3 66.1857 67.078 67.7337
3 65.8828 66.5988 67.3313
3 65.689 66.2647 67.0105
5 66.4091 67.4725 68.1765
3 66.0863 66.9281 67.5897
3 65.7207 66.3352 67.0627
1 65.0291 64.9867 64.9735
5 66.4091 67.4725 68.1765
3 66.001 66.7967 67.463
3 65.6373 66.1908 66.8879
0 64.9933 64.9867 64.9735
5 66.4091 67.4725 68.1765
3 66.3922 67.3543 67.9078
3 66.2204 67.074 67.641
0 64.989 64.9782 64.9569
5 66.4091 67.4725 68.1765
3 66.26 67.1678 67.7322
3 66.0722 66.8586 67.4415
0 64.989 64.9782 64.9569
5 66.4091 67.4725 68.1765
3 66.1502 67.0092 67.5859
3 65.9457 66.6691 67.2644
0 64.989 64.9782 64.9569
5 66.4091 67.4725 68.1765
3 66.0926 66.9186 67.4858
3 65.8406 66.5085 67.1121
0 64.989 64.9782 64.9569
5 66.4091 67.4725 68.1765
3 66.2825 67.1999 67.782
3 66.0445 66.8098 67.3967
0 64.9974 64.9782 64.9569
5 66.4091 67.4725 68.1765
3 66.16 67.0218 67.6135
3 65.8823 66.5678 67.1811
0 64.989 64.9782 64.9569
5 66.4091 67.4725 68.1765
3 66.0941 66.9182 67.4989
3 65.742 66.3472 66.9691
0 64.989 64.9782 64.9569
5 66.4091 67.4725 68.1765
3 66.0054 66.7853 67.376
3 65.6221 66.1503 66.7621
0 64.989 64.9782 64.9569
5 66.4091 67.4725 68.1765
3 66.2331 67.1227 67.7068
3 65.8924 66.5824 67.2019
3 65.6301 66.1296 66.7441
5 66.4091 67.4725 68.1765
3 66.1161 66.9512 67.5449
3 65.7487 66.3565 66.9834
1 65.0305 64.9782 64.9569
5 66.4091 67.4725 68.1765
3 66.0185 66.8047 67.4071
3 65.6239 66.1513 66.7656
0 64.989 64.9782 64.9569
5 66.4091 67.4725 68.1765
3 65.9349 66.6762 67.2849
3 65.5453 66.0158 66.6015
0 64.989 64.9782 64.9569
5 66.4091 67.4725 68.1765
3 66.1575 67.0154 67.6237
3 65.807 66.4474 67.0724
3 65.5563 66.0167 66.5914
5 66.4091 67.4725 68.1765
3 66.0467 66.8489 67.4639
3 65.6748 66.2341 66.8547
3 65.5046 65.9208 66.4672
5 66.4091 67.4725 68.1765
3 65.9541 66.7066 67.3268
3 65.5887 66.0876 66.6833
1 65.0247 64.9782 64.9569
5 66.4091 67.4725 68.1765
3 65.8745 66.5816 67.2044
3 65.5147 65.9595 66.5251
0 64.989 64.9782 64.9569
5 66.4091 67.4725 68.1765
3 66.2775 67.1672 67.6795
3 66.0343 66.7599 67.2437
0 64.9837 64.9676 64.9362
5 66.4091 67.4725 68.1765
3 66.152 66.989 67.5159
3 65.9009 66.5639 67.0651
0 64.9837 64.9676 64.9362
5 66.4091 67.4725 68.1765
3 66.0479 66.8371 67.3775
3 65.7538 66.3446 66.8732
0 64.9837 64.9676 64.9362
5 66.4091 67.4725 68.1765
3 65.9944 66.7522 67.2836
3 65.6617 66.1994 66.7271
0 64.9837 64.9676 64.9362
5 66.4091 67.4725 68.1765
3 66.173 67.0193 67.562
3 65.8414 66.4742 66.9998
0 64.992 64.9676 64.9362
5 66.4091 67.4725 68.1765
3 66.0941 66.897 67.4288
3 65.6965 66.2511 66.7917
0 64.9837 64.9676 64.9362
5 66.4091 67.4725 68.1765
3 65.9959 66.7519 67.2959
3 65.5719 66.0491 66.583
0 64.9837 64.9676 64.9362
5 66.4091 67.4725 68.1765
3 65.9117 66.6245 67.1777
3 65.4947 65.9175 66.4263
0 64.9837 64.9676 64.9362
5 66.4091 67.4725 68.1765
3 66.1271 66.9469 67.4923
3 65.7049 66.2637 66.8107
3 65.4385 65.7889 66.2514
5 66.4091 67.4725 68.1765
3 66.0163 66.7829 67.339
3 65.5773 66.0571 66.5961
1 65.025 64.9676 64.9362
5 66.4091 67.4725 68.1765
3 65.9239 66.6426 67.207
3 65.4963 65.9185 66.4297
0 64.9837 64.9676 64.9362
5 66.4091 67.4725 68.1765
3 65.8446 66.5195 67.0888
3 65.4538 65.8421 66.3244
0 64.9837 64.9676 64.9362
5 66.4091 67.4725 68.1765
3 66.0547 66.8431 67.4128
3 65.6298 66.1415 66.6856
3 65.4046 65.7365 66.1592
5 66.4091 67.4725 68.1765
3 65.9499 66.684 67.2605
3 65.5129 65.9475 66.471
3 65.3381 65.6188 66.0099
5 66.4091 67.4725 68.1765
3 65.8623 66.5478 67.1284
3 65.4666 65.8643 66.3565
1 65.0192 64.9676 64.9362
5 66.4091 67.4725 68.1765
3 65.7869 66.4282 67.0094
3 65.4018 65.751 66.21
0 64.9837 64.9676 64.9362
5 66.4091 67.4725 68.1765
3 67.1465 68.4514 69.2868
5 69.9801 72.224 74.9534
5 75.1575 83.4563 94.9595
5 66.4091 67.4725 68.1765
3 66.8814 68.1015 68.8676
3 67.3753 68.8086 69.9286
5 72.349 77.1998 83.9025
5 66.4091 67.4725 68.1765
3 66.7098 67.8658 68.5975
3 66.9206 68.2033 69.1553
3 67.4995 69.0326 70.4236
5 66.4091 67.4725 68.1765
3 66.5691 67.6707 68.3909
3 66.639 67.8095 68.7024
1 66.0251 66.9489 68.1407
5 66.4091 67.4725 68.1765
3 66.9987 68.2533 69.0618
3 67.5749 69.0651 70.3343
5 72.5909 77.6433 84.123
5 66.4091 67.4725 68.1765
3 66.75 67.9224 68.687
3 66.971 68.2706 69.2699
3 67.5233 69.0758 70.4157
5 66.4091 67.4725 68.1765
3 66.5899 67.6989 68.4405
3 66.6559 67.8273 68.7369
3 66.8631 68.1673 69.2435
5 66.4091 67.4725 68.1765
3 66.4584 67.5127 68.2481
3 66.4099 67.4711 68.357
3 66.4967 67.6228 68.6335
5 66.4091 67.4725 68.1765
3 66.8811 68.0975 68.8993
3 67.257 68.6416 69.746
3 69.6601 71.8094 74.3248
5 66.4091 67.4725 68.1765
3 66.6449 67.7792 68.5521
3 66.7913 68.0139 68.9586
3 67.0945 68.4915 69.6391
5 66.4091 67.4725 68.1765
3 66.4937 67.5645 68.3204
3 66.4676 67.5572 68.4674
3 66.6259 67.8211 68.8325
5 66.4091 67.4725 68.1765
3 66.3694 67.3847 68.1367
3 66.2466 67.2249 68.1208
3 66.3002 67.3248 68.3027
5 66.4091 67.4725 68.1765
3 66.7822 67.9671 68.7721
3 67.049 68.3656 69.4019
3 67.7593 69.3569 70.8029
5 66.4091 67.4725 68.1765
3 66.5971 67.7066 68.4712
3 66.6589 67.8256 68.7498
3 66.9394 68.265 69.3386
5 66.4091 67.4725 68.1765
3 66.4511 67.4983 68.2497
3 66.3576 67.3918 68.2985
3 66.5028 67.6348 68.6228
5 66.4091 67.4725 68.1765
3 66.331 67.3235 68.0728
3 66.1526 67.0762 67.9707
3 66.1665 67.1169 68.0914
5 66.4091 67.4725 68.1765
3 66.8545 68.0171 68.6923
3 67.3043 68.5627 69.3053
3 67.9541 69.4077 70.2913
5 66.4091 67.4725 68.1765
3 66.6534 67.7447 68.388
3 66.79 67.9207 68.6008
3 67.1216 68.3419 68.9903
5 66.4091 67.4725 68.1765
3 66.4954 67.5282 68.1667
3 66.5219 67.5518 68.2069
3 66.649 67.7185 68.38
5 66.4091 67.4725 68.1765
3 66.3657 67.3469 67.9909
3 66.2785 67.2136 67.8959
1 65.8238 66.5271 67.3899
5 66.4091 67.4725 68.1765
3 66.7633 67.8851 68.5427
3 66.9227 68.0868 68.7949
3 67.2226 68.46 69.1095
5 66.4091 67.4725 68.1765
3 66.5313 67.5791 68.2404
3 66.5637 67.6069 68.2811
3 66.6673 67.7507 68.3778
5 66.4091 67.4725 68.1765
3 66.3843 67.3724 68.033
3 66.2924 67.2289 67.9208
3 66.3193 67.2593 67.9158
5 66.4091 67.4725 68.1765
3 66.3017 67.2469 67.8914
3 66.0811 66.9175 67.6316
3 66.023 66.8164 67.5305
5 66.4091 67.4725 68.1765
3 66.6532 67.7415 68.4138
3 66.7324 67.8326 68.5263
3 66.87 68.02 68.6686
5 66.4091 67.4725 68.1765
3 66.4746 67.4936 68.1515
3 66.4096 67.3909 68.0772
3 66.4704 67.4724 68.1068
5 66.4091 67.4725 68.1765
3 66.3339 67.2942 67.9538
3 66.1645 67.0378 67.7438
3 66.1262 66.9782 67.6656
5 66.4091 67.4725 68.1765
3 66.218 67.1263 67.7927
3 65.9729 66.7459 67.4665
3 65.8652 66.5694 67.2854
5 66.4091 67.4725 68.1765
3 66.6031 67.6677 68.3341
3 66.5921 67.645 68.3446
3 66.7132 67.812 68.4596
5 66.4091 67.4725 68.1765
3 66.431 67.4275 68.0834
3 66.2951 67.2282 67.9308
3 66.346 67.2969 67.9492
5 66.4091 67.4725 68.1765
3 66.257 67.1857 67.8667
3 66.0688 66.8926 67.6114
3 66.0277 66.8264 67.5246
5 66.4091 67.4725 68.1765
3 66.1832 67.0704 67.7366
3 65.8915 66.6151 67.3396
3 65.7861 66.4392 67.1479
5 66.4091 67.4725 68.1765
3 66.6687 67.7312 68.3181
3 66.9332 67.9685 68.4136
3 67.2377 68.242 68.4794
5 66.4091 67.4725 68.1765
3 66.4811 67.4771 68.0577
3 66.4676 67.4131 67.9375
3 66.5104 67.4453 67.8791
5 66.4091 67.4725 68.1765
3 66.3747 67.3212 67.8842
3 66.2345 67.0905 67.6342
3 66.2081 67.0199 67.5122
5 66.4091 67.4725 68.1765
3 66.2518 67.1499 67.7265
3 66.0569 66.8331 67.3965
2 65.632 66.1951 66.8333
5 66.4091 67.4725 68.1765
3 66.5852 67.6105 68.1921
3 66.5872 67.5608 68.0791
3 66.6005 67.5474 67.9494
5 66.4091 67.4725 68.1765
3 66.4083 67.3688 67.9495
3 66.27 67.1383 67.6931
3 66.223 67.0475 67.5116
5 66.4091 67.4725 68.1765
3 66.2691 67.1738 67.7644
3 66.069 66.8467 67.4175
3 65.9384 66.6336 67.1592
5 66.4091 67.4725 68.1765
3 66.1546 67.0091 67.6118
3 65.8806 66.566 67.1655
3 65.7272 66.3005 66.8546
5 66.4091 67.4725 68.1765
3 66.5243 67.522 68.1014
3 66.419 67.339 67.8836
3 66.3912 67.2715 67.7097
5 66.4091 67.4725 68.1765
3 66.3553 67.2892 67.8709
3 66.1348 66.9455 67.5268
3 66.0622 66.8152 67.3119
5 66.4091 67.4725 68.1765
3 66.2221 67.1009 67.6931
3 65.9555 66.6757 67.2656
3 65.8126 66.4382 66.9731
5 66.4091 67.4725 68.1765
3 66.1124 66.9417 67.5455
3 65.7527 66.3649 66.9827
3 65.5655 66.0418 66.5919
5 66.4091 67.4725 68.1765
3 66.4354 67.4065 68.0111
3 66.2943 67.1715 67.7433
3 66.2596 67.0976 67.5692
5 66.4091 67.4725 68.1765
3 66.2752 67.1805 67.7877
3 66.0715 66.8465 67.4262
3 65.9591 66.6645 67.1862
5 66.4091 67.4725 68.1765
3 66.1487 66.9972 67.6131
3 65.8702 66.5448 67.1483
3 65.7309 66.309 66.851
5 66.4091 67.4725 68.1765
3 66.0444 66.8421 67.4668
3 65.6818 66.2479 66.8628
3 65.5315 65.9806 66.51
5 66.4091 67.4725 68.1765
3 66.5382 67.5236 68.0501
3 66.5902 67.4877 67.861
3 66.6919 67.5064 67.6719
5 66.4091 67.4725 68.1765
3 66.4031 67.3302 67.8358
3 66.2562 67.0664 67.4992
3 66.1854 66.9242 67.2513
5 66.4091 67.4725 68.1765
3 66.2611 67.1362 67.6577
3 66.0466 66.7747 67.238
3 65.9288 66.5578 66.9494
5 66.4091 67.4725 68.1765
3 66.1444 66.9723 67.5106
3 65.8518 66.4948 67.0005
1 65.5309 65.9699 66.4607
5 66.4091 67.4725 68.1765
3 66.4601 67.4107 67.938
3 66.3207 67.156 67.603
3 66.2197 66.9716 67.296
5 66.4091 67.4725 68.1765
3 66.2925 67.181 67.7176
3 66.078 66.8177 67.2894
3 65.9414 66.582 66.9501
5 66.4091 67.4725 68.1765
3 66.1605 66.9948 67.5457
3 65.8621 66.507 67.0197
3 65.6652 66.1761 66.6123
5 66.4091 67.4725 68.1765
3 66.0519 66.8372 67.4017
3 65.6952 66.25 66.7789
3 65.4623 65.846 66.2846
5 66.4091 67.4725 68.1765
3 66.4032 67.3278 67.8566
3 66.2134 67.001 67.4544
3 66.043 66.7319 67.1013
5 66.4091 67.4725 68.1765
3 66.2431 67.1062 67.6455
3 65.9559 66.6419 67.1418
3 65.7679 66.3338 66.754
5 66.4091 67.4725 68.1765
3 66.1168 66.9264 67.4795
3 65.7622 66.3516 66.8768
3 65.5309 65.963 66.404
5 66.4091 67.4725 68.1765
3 66.0129 66.774 67.3397
3 65.5807 66.0645 66.5966
3 65.3846 65.7128 66.1153
5 66.4091 67.4725 68.1765
3 66.3177 67.2165 67.7737
3 66.0998 66.8478 67.3333
3 65.9722 66.6253 66.9984
5 66.4091 67.4725 68.1765
3 66.1662 67.0011 67.5673
3 65.8643 66.507 67.0276
3 65.7166 66.249 66.6642
5 66.4091 67.4725 68.1765
3 66.0465 66.8261 67.403
3 65.6866 66.2321 66.7636
3 65.4651 65.8529 66.2832
5 66.4091 67.4725 68.1765
3 65.9478 66.6776 67.2633
3 65.5185 65.9591 66.479
3 65.3586 65.6652 66.0468
5 66.4091 67.4725 68.1765
3 67.6803 69.14 70.297
5 73.0366 78.781 88.321
5 92.9578 112.158 140.024
5 66.4091 67.4725 68.1765
3 67.2193 68.5457 69.4468
5 70.5606 73.5295 77.8951
5 78.9538 91.1335 108.537
5 66.4091 67.4725 68.1765
3 66.9444 68.185 68.9959
3 67.6221 69.1293 70.3848
5 73.295 79.8165 88.2032
5 66.4091 67.4725 68.1765
3 66.7655 67.9415 68.7074
3 67.0476 68.3721 69.3432
3 67.6219 69.2247 70.5762
5 66.4091 67.4725 68.1765
3 67.4597 68.8541 69.9037
5 71.9758 76.4837 84.0073
5 88.2842 103.835 126.335
5 66.4091 67.4725 68.1765
3 67.07 68.3468 69.2093
5 69.9536 72.0907 74.8335
5 75.8337 84.6542 97.0624
5 66.4091 67.4725 68.1765
3 66.811 68.0051 68.807
3 67.2048 68.5766 69.6358
3 71.0581 74.3496 78.1558
5 66.4091 67.4725 68.1765
3 66.6435 67.7738 68.5444
3 66.7378 67.9505 68.882
3 67.0056 68.3833 69.4602
5 66.4091 67.4725 68.1765
3 67.3233 68.6739 69.6627
5 71.3355 75.055 81.2499
5 85.7798 99.3987 119.052
5 66.4091 67.4725 68.1765
3 66.9507 68.1903 69.0385
3 67.8153 69.3446 70.7353
5 74.3151 81.3561 91.1365
5 66.4091 67.4725 68.1765
3 66.7467 67.9097 68.6945
3 66.9732 68.265 69.256
3 67.5244 69.0847 70.415
5 66.4091 67.4725 68.1765
3 66.5859 67.6868 68.4477
3 66.5863 67.7297 68.6395
3 66.772 68.0435 69.0583
5 66.4091 67.4725 68.1765
3 67.2087 68.5264 69.4817
5 70.9182 74.1098 79.3729
5 84.4359 97.0139 115.071
5 66.4091 67.4725 68.1765
3 66.8945 68.1078 68.9346
3 67.4537 68.8974 70.1307
5 73.5277 79.5746 87.9042
5 66.4091 67.4725 68.1765
3 66.6555 67.7884 68.5827
3 66.8352 68.0729 69.0303
3 67.3175 68.7956 70.0037
5 66.4091 67.4725 68.1765
3 66.5021 67.572 68.3474
3 66.4732 67.564 68.4695
3 66.6503 67.8624 68.8541
5 66.4091 67.4725 68.1765
3 67.3535 68.6264 69.4089
5 71.5504 74.8997 80.1483
5 87.8389 101.919 120.804
5 66.4091 67.4725 68.1765
3 66.9665 68.1468 68.8339
3 67.7609 69.0827 69.9269
5 73.1909 78.506 83.4063
5 66.4091 67.4725 68.1765
3 66.7099 67.8191 68.4887
3 66.9597 68.1313 68.8064
3 67.4127 68.6988 69.3005
5 66.4091 67.4725 68.1765
3 66.5452 67.5962 68.2564
3 66.5901 67.6481 68.3015
3 66.7053 67.8121 68.4102
5 66.4091 67.4725 68.1765
3 67.1447 68.3759 69.1403
5 70.6715 72.8597 76.021
5 83.2253 93.5759 107.514
5 66.4091 67.4725 68.1765
3 66.8274 67.9677 68.6553
3 67.3072 68.5395 69.27
3 68.1422 69.5818 70.5252
5 66.4091 67.4725 68.1765
3 66.6293 67.7015 68.3608
3 66.6808 67.7708 68.4546
3 66.8541 68.0146 68.6376
5 66.4091 67.4725 68.1765
3 66.4732 67.4884 68.1442
3 66.3993 67.3779 68.0438
3 66.3938 67.3801 68.0079
5 66.4091 67.4725 68.1765
3 67.0173 68.2162 68.9692
3 68.355 69.8088 71.2025
5 80.7589 89.191 100.542
5 66.4091 67.4725 68.1765
3 66.7156 67.824 68.5227
3 67.0038 68.1826 68.9105
3 67.7431 69.0542 69.7737
5 66.4091 67.4725 68.1765
3 66.5284 67.5679 68.246
3 66.5654 67.6022 68.2693
3 66.6539 67.7417 68.3659
5 66.4091 67.4725 68.1765
3 66.3808 67.3616 68.0388
3 66.2678 67.1883 67.8719
3 66.2425 67.1563 67.8039
5 66.4091 67.4725 68.1765
3 66.9572 68.1307 68.8623
3 67.9915 69.3572 70.4909
5 79.4436 86.8739 96.8036
5 66.4091 67.4725 68.1765
3 66.6652 67.7507 68.441
3 66.8525 67.9887 68.7076
3 67.5111 68.773 69.4359
5 66.4091 67.4725 68.1765
3 66.4842 67.5018 68.1764
3 66.4453 67.4388 68.123
3 66.5698 67.6155 68.2315
5 66.4091 67.4725 68.1765
3 66.3414 67.301 67.9766
3 66.169 67.0433 67.7445
3 66.1439 67.0087 67.6768
5 66.4091 67.4725 68.1765
3 67.1431 68.2944 68.8901
3 68.4932 69.7631 70.7359
5 80.5511 88.0493 97.8795
5 66.4091 67.4725 68.1765
3 66.7753 67.8534 68.4352
3 67.302 68.3459 68.7373
3 67.8827 68.9078 69.1281
5 66.4091 67.4725 68.1765
3 66.5772 67.5935 68.1648
3 66.5707 67.5503 68.0668
3 66.8082 67.7695 68.0509
5 66.4091 67.4725 68.1765
3 66.4211 67.3844 67.963
3 66.292 67.1735 67.7081
3 66.2521 67.0958 67.5322
5 66.4091 67.4725 68.1765
3 66.9431 68.0645 68.6832
3 68.0131 69.1413 69.7699
3 74.4256 77.8171 83.8761
5 66.4091 67.4725 68.1765
3 66.6439 67.6861 68.2865
3 66.8869 67.9078 68.3737
3 67.3474 68.3106 68.5269
5 66.4091 67.4725 68.1765
3 66.4591 67.4376 68.0339
3 66.4131 67.3263 67.844
3 66.3691 67.256 67.6821
5 66.4091 67.4725 68.1765
3 66.3134 67.2366 67.8417
3 66.126 66.9343 67.4992
3 66.0342 66.7785 67.2516
5 66.4091 67.4725 68.1765
3 66.822 67.9166 68.5464
3 67.7056 68.7822 69.3065
3 71.4753 73.14 76.6126
5 66.4091 67.4725 68.1765
3 66.5826 67.5983 68.1945
3 66.6565 67.6409 68.1568
3 67.052 67.9999 68.2577
5 66.4091 67.4725 68.1765
3 66.4055 67.3582 67.9541
3 66.2714 67.1345 67.6833
3 66.2481 67.0777 67.5155
5 66.4091 67.4725 68.1765
3 66.2658 67.1636 67.7693
3 66.0109 66.7641 67.3523
3 65.909 66.5891 67.0897
5 66.4091 67.4725 68.1765
3 66.7668 67.8391 68.4595
3 67.5144 68.5602 69.0394
3 69.9763 71.2025 73.2004
5 66.4091 67.4725 68.1765
3 66.4919 67.4828 68.1032
3 66.5211 67.4716 68.0147
3 66.8972 67.8315 68.1168
5 66.4091 67.4725 68.1765
3 66.3235 67.249 67.8703
3 66.1647 66.987 67.5637
3 66.1807 66.9781 67.4208
5 66.4091 67.4725 68.1765
3 66.2291 67.1071 67.7134
3 65.9237 66.6326 67.2386
3 65.8264 66.4627 66.9825
5 66.4091 67.4725 68.1765
3 66.9937 68.0548 68.5391
3 67.9661 68.8814 69.184
3 69.4317 70.3518 71.4618
5 66.4091 67.4725 68.1765
3 66.6404 67.6403 68.1529
3 66.9305 67.8268 68.0974
3 67.2502 68.0035 68.0412
5 66.4091 67.4725 68.1765
3 66.4525 67.3946 67.9132
3 66.3475 67.1882 67.6057
3 66.3558 67.1309 67.3671
5 66.4091 67.4725 68.1765
3 66.3043 67.1956 67.7297
3 66.0973 66.8487 67.3021
3 65.9651 66.6222 66.9672
5 66.4091 67.4725 68.1765
3 66.7516 67.7926 68.3492
3 67.5836 68.4686 68.7302
3 68.7271 69.4046 69.8293
5 66.4091 67.4725 68.1765
3 66.5149 67.4814 68.0217
3 66.5925 67.472 67.8392
3 66.8318 67.5922 67.7008
5 66.4091 67.4725 68.1765
3 66.3398 67.2456 67.7942
3 66.1652 66.9428 67.4033
3 66.0624 66.7593 67.0919
5 66.4091 67.4725 68.1765
3 66.2017 67.0538 67.617
3 65.948 66.6317 67.1172
3 65.7458 66.3038 66.7021
5 66.4091 67.4725 68.1765
3 66.6844 67.6994 68.2501
3 67.3032 68.1922 68.471
3 68.4142 69.0365 69.3026
5 66.4091 67.4725 68.1765
3 66.4577 67.3993 67.9399
3 66.3808 67.227 67.6659
3 66.572 67.3375 67.5198
5 66.4091 67.4725 68.1765
3 66.2898 67.1711 67.7216
3 66.0792 66.8143 67.2808
3 65.9213 66.5618 66.936
5 66.4091 67.4725 68.1765
3 66.1574 66.9853 67.5502
3 65.8442 66.4765 66.9835
3 65.6424 66.1406 66.5533
5 66.4091 67.4725 68.1765
3 66.6327 67.6273 68.1746
3 67.1296 68.013 68.305
3 68.2241 68.8505 69.069
5 66.4091 67.4725 68.1765
3 66.4136 67.3356 67.8769
3 66.3039 67.119 67.5635
3 66.3887 67.154 67.4103
5 66.4091 67.4725 68.1765
3 66.2514 67.1133 67.6654
3 65.9821 66.6788 67.1743
3 65.8677 66.4784 66.8554
5 66.4091 67.4725 68.1765
3 66.1233 66.9323 67.4984
3 65.7654 66.356 66.8778
3 65.5733 66.0303 66.4505
5 66.4091 67.4725 68.1765
5 68.7618 70.6091 72.8969
5 79.3409 90.5697 109.72
5 120.506 157.854 206.144
5 66.4091 67.4725 68.1765
3 67.6933 69.1446 70.3191
5 73.0074 78.8474 88.9673
5 92.0859 114.153 148.471
5 66.4091 67.4725 68.1765
3 67.2441 68.5727 69.5012
5 70.5485 73.5052 77.9498
5 78.1928 90.2202 108.133
5 66.4091 67.4725 68.1765
3 66.9724 68.2195 69.0549
3 67.5774 69.0773 70.3187
5 72.7786 78.7318 86.2021
5 66.4091 67.4725 68.1765
5 68.5925 70.3007 72.2344
5 77.904 87.7468 104.741
5 115.358 149.214 192.37
5 66.4091 67.4725 68.1765
3 67.4766 68.8665 69.9337
5 72.052 76.7256 84.8627
5 87.9222 106.296 135.091
5 66.4091 67.4725 68.1765
3 67.0961 68.3769 69.2631
5 69.9827 72.1519 75.0235
5 75.4645 84.3373 97.3127
5 66.4091 67.4725 68.1765
3 66.8391 68.0411 68.864
3 67.2178 68.5932 69.6482
3 68.69 70.528 72.2749
5 66.4091 67.4725 68.1765
5 68.4691 70.0847 71.7819
5 76.9541 85.8655 101.417
5 112.498 144.326 184.633
5 66.4091 67.4725 68.1765
3 67.3428 68.6913 69.6974
5 71.4742 75.4049 82.2522
5 85.7723 102.19 128.018
5 66.4091 67.4725 68.1765
3 66.9776 68.2227 69.0919
3 67.9892 69.5355 70.9729
5 74.1491 81.3882 91.7764
5 66.4091 67.4725 68.1765
3 66.7753 67.947 68.7507
3 66.9929 68.2924 69.2836
3 67.4945 69.0441 70.3058
5 66.4091 67.4725 68.1765
3 67.9572 69.4457 70.8282
5 76.2849 84.5375 99.0563
5 110.909 141.602 180.217
5 66.4091 67.4725 68.1765
3 67.2301 68.5475 69.5195
5 71.096 74.5275 80.4798
5 84.6363 99.9956 124.197
5 66.4091 67.4725 68.1765
3 66.9223 68.1419 68.9882
3 67.5491 69.0096 70.2714
5 73.4713 79.7504 88.7773
5 66.4091 67.4725 68.1765
3 66.6839 67.8263 68.638
3 66.8592 68.1074 69.0669
3 67.3031 68.7777 69.9455
5 66.4091 67.4725 68.1765
3 68.0303 69.4453 70.6207
5 77.392 86.4278 101.986
5 114.579 147.933 189.988
5 66.4091 67.4725 68.1765
3 67.3651 68.6293 69.4185
5 71.4288 74.6777 79.971
5 85.4963 101.279 125.188
5 66.4091 67.4725 68.1765
3 66.9888 68.1701 68.8723
3 67.7171 69.028 69.8577
3 71.4509 74.7717 77.7185
5 66.4091 67.4725 68.1765
3 66.735 67.8496 68.534
3 66.9127 68.0812 68.7682
3 67.2822 68.5348 69.088
5 66.4091 67.4725 68.1765
3 67.7973 69.1479 70.1705
5 76.0001 83.6173 96.9924
5 109.28 138.985 176.525
5 66.4091 67.4725 68.1765
3 67.1598 68.386 69.1576
5 70.6601 72.8424 76.1066
5 81.4362 93.3948 111.796
5 66.4091 67.4725 68.1765
3 66.8508 67.9941 68.6948
3 67.3302 68.5582 69.2773
3 67.9766 69.3626 70.1731
5 66.4091 67.4725 68.1765
3 66.655 67.7338 68.4061
3 66.691 67.7834 68.4583
3 66.8136 67.9577 68.5476
5 66.4091 67.4725 68.1765
3 67.6511 68.96 69.8962
5 75.0896 81.7516 93.6535
5 106.352 133.953 168.931
5 66.4091 67.4725 68.1765
3 67.0347 68.231 68.9913
3 68.5566 69.9976 71.4202
5 79.367 89.312 104.765
5 66.4091 67.4725 68.1765
3 66.7396 67.8526 68.5633
3 67.0362 68.2178 68.9394
3 67.6659 68.9586 69.6144
5 66.4091 67.4725 68.1765
3 66.5539 67.6013 68.2912
3 66.5812 67.6235 68.2837
3 66.6325 67.7169 68.3158
5 66.4091 67.4725 68.1765
3 67.4793 68.7642 69.6649
5 74.4549 80.4408 91.2809
5 104.735 131.174 164.586
5 66.4091 67.4725 68.1765
3 66.9764 68.1487 68.8878
3 68.0779 69.4432 70.6051
5 78.2877 87.1738 101.004
5 66.4091 67.4725 68.1765
3 66.69 67.7809 68.4824
3 66.891 68.0342 68.7489
3 67.5032 68.7473 69.3576
5 66.4091 67.4725 68.1765
3 66.5101 67.5361 68.2217
3 66.4647 67.4664 68.145
3 66.5587 67.6021 68.2
5 66.4091 67.4725 68.1765
3 67.7409 68.9717 69.7256
5 75.1737 81.5965 92.9705
5 105.959 133.2 168.416
5 66.4091 67.4725 68.1765
3 67.1537 68.2965 68.8949
3 68.3745 69.5899 70.4253
5 76.7398 83.759 94.132
5 66.4091 67.4725 68.1765
3 66.7957 67.8745 68.4657
3 67.2574 68.2989 68.6963
3 67.6709 68.6651 68.8581
5 66.4091 67.4725 68.1765
3 66.6006 67.6215 68.203
3 66.5717 67.5482 68.0543
3 66.6949 67.6426 67.937
5 66.4091 67.4725 68.1765
3 67.5677 68.7574 69.4417
5 73.8799 78.8546 87.993
5 100.545 123.872 155.142
5 66.4091 67.4725 68.1765
3 66.9568 68.0733 68.695
3 67.9901 69.0915 69.6713
3 71.8644 74.0612 77.6446
5 66.4091 67.4725 68.1765
3 66.6653 67.7102 68.319
3 66.9061 67.9218 68.3733
3 67.2443 68.1951 68.398
5 66.4091 67.4725 68.1765
3 66.4825 67.4673 68.0727
3 66.3773 67.2891 67.8275
3 66.3372 67.211 67.6227
5 66.4091 67.4725 68.1765
3 67.3803 68.5534 69.2272
5 73.058 77.0645 84.6755
5 97.5746 118.699 147.484
5 66.4091 67.4725 68.1765
3 66.8379 67.9298 68.5629
3 67.7591 68.8084 69.296
3 68.972 70.1552 71.2319
5 66.4091 67.4725 68.1765
3 66.6051 67.6246 68.2283
3 66.6838 67.6694 68.173
3 67.0282 67.9562 68.1867
5 66.4091 67.4725 68.1765
3 66.4293 67.3892 67.9933
3 66.2846 67.1526 67.6938
3 66.2305 67.0563 67.4778
5 66.4091 67.4725 68.1765
3 67.2632 68.4191 69.0828
5 72.501 75.8325 82.3313
5 95.9467 115.886 143.078
5 66.4091 67.4725 68.1765
3 66.7844 67.8553 68.4791
3 67.586 68.612 69.0661
3 68.7867 69.8845 70.7193
5 66.4091 67.4725 68.1765
3 66.5146 67.5106 68.1384
3 66.5535 67.5094 68.0413
3 66.8411 67.7737 68.0603
5 66.4091 67.4725 68.1765
3 66.3883 67.3286 67.9323
3 66.1809 67.0105 67.5811
3 66.1715 66.9657 67.3955
5 66.4091 67.4725 68.1765
3 67.5195 68.6316 69.1726
5 72.8688 76.2974 82.8101
5 94.4293 112.971 139.95
5 66.4091 67.4725 68.1765
3 67.0034 68.0562 68.5415
3 67.851 68.7516 69.0247
3 68.6427 69.404 69.6461
5 66.4091 67.4725 68.1765
3 66.6121 67.6126 68.1608
3 66.9338 67.8166 68.0734
3 67.107 67.8528 67.8947
5 66.4091 67.4725 68.1765
3 66.4743 67.4209 67.9471
3 66.3481 67.1861 67.5948
3 66.2561 67.016 67.2756
5 66.4091 67.4725 68.1765
3 67.3546 68.4413 68.9597
5 71.7942 73.8451 77.9839
5 88.9738 103.232 125.673
5 66.4091 67.4725 68.1765
3 66.8134 67.847 68.3761
3 67.5566 68.4235 68.6637
3 68.2374 68.8887 69.0014
5 66.4091 67.4725 68.1765
3 66.5349 67.5039 68.0501
3 66.6091 67.4839 67.8375
3 66.7381 67.4958 67.612
5 66.4091 67.4725 68.1765
3 66.3616 67.2734 67.8292
3 66.1725 66.9521 67.4043
3 66.0356 66.721 67.0421
5 66.4091 67.4725 68.1765
3 67.2219 68.2934 68.8101
3 69.7494 70.9247 72.5917
5 86.0188 97.9568 117.424
5 66.4091 67.4725 68.1765
3 66.6992 67.7115 68.2635
3 67.3494 68.2084 68.4531
3 68.0046 68.639 68.7321
5 66.4091 67.4725 68.1765
3 66.4786 67.4238 67.9698
3 66.4043 67.2521 67.6782
3 66.504 67.2691 67.4598
5 66.4091 67.4725 68.1765
3 66.312 67.2001 67.7572
3 66.0907 66.8305 67.2896
3 65.9074 66.5435 66.9043
5 66.4091 67.4725 68.1765
3 67.1093 68.1705 68.696
3 68.976 70.0668 71.1949
5 84.4188 95.1461 112.777
5 66.4091 67.4725 68.1765
3 66.649 67.6422 68.191
3 67.192 68.0519 68.3133
3 67.9053 68.5262 68.6034
5 66.4091 67.4725 68.1765
3 66.4352 67.3617 67.908
3 66.3323 67.1518 67.5845
3 66.3827 67.1367 67.3728
5 66.4091 67.4725 68.1765
3 66.2738 67.1432 67.7016
3 65.9961 66.6996 67.1893
3 65.8603 66.4677 66.8344
